121314151617
121314151618
121314151626
121314151627
121314151628
121314151718
121314151727
121314151728
121314151828
121314152526
121314152527
121314152528
121314152627
121314152628
121314152728
121314161718
121314161727
121314161728
121314161828
121314162627
121314162628
121314162728
121314171828
121314172728
121314242526
121314242527
121314242528
121314242627
121314242628
121314242728
121314252627
121314252628
121314252728
121314262728
121315161718
121315161727
121315161728
121315161828
121315162627
121315162628
121315162728
121315171828
121315172728
121315252627
121315252628
121315252728
121315262728
121316171828
121316172728
121316262728
121323242526
121323242527
121323242528
121323242627
121323242628
121323242728
121323252627
121323252628
121323252728
121323262728
121324252627
121324252628
121324252728
121324262728
121325262728
121415161718
121415161727
121415161728
121415161828
121415162627
121415162628
121415162728
121415171828
121415172728
121415252627
121415252628
121415252728
121415262728
121416171828
121416172728
121416262728
121424252627
121424252628
121424252728
121424262728
121425262728
121516171828
121516172728
121516262728
121525262728
122324252627
122324252628
122324252728
122324262728
122325262728
122425262728
131415161718
131415161727
131415161728
131415161737
131415161738
131415161828
131415161838
131415162627
131415162628
131415162636
131415162637
131415162638
131415162728
131415162737
131415162738
131415162838
131415163637
131415163638
131415163738
131415171828
131415171838
131415172728
131415172737
131415172738
131415172838
131415173738
131415182838
131415252627
131415252628
131415252636
131415252637
131415252638
131415252728
131415252737
131415252738
131415252838
131415253536
131415253537
131415253538
131415253637
131415253638
131415253738
131415262728
131415262737
131415262738
131415262838
131415263637
131415263638
131415263738
131415272838
131415273738
131415353637
131415353638
131415353738
131415363738
131416171828
131416171838
131416172728
131416172737
131416172738
131416172838
131416173738
131416182838
131416262728
131416262737
131416262738
131416262838
131416263637
131416263638
131416263738
131416272838
131416273738
131416363738
131417182838
131417272838
131417273738
131424252627
131424252628
131424252636
131424252637
131424252638
131424252728
131424252737
131424252738
131424252838
131424253536
131424253537
131424253538
131424253637
131424253638
131424253738
131424262728
131424262737
131424262738
131424262838
131424263637
131424263638
131424263738
131424272838
131424273738
131424343536
131424343537
131424343538
131424343637
131424343638
131424343738
131424353637
131424353638
131424353738
131424363738
131425262728
131425262737
131425262738
131425262838
131425263637
131425263638
131425263738
131425272838
131425273738
131425353637
131425353638
131425353738
131425363738
131426272838
131426273738
131426363738
131434353637
131434353638
131434353738
131434363738
131435363738
131516171828
131516171838
131516172728
131516172737
131516172738
131516172838
131516173738
131516182838
131516262728
131516262737
131516262738
131516262838
131516263637
131516263638
131516263738
131516272838
131516273738
131516363738
131517182838
131517272838
131517273738
131525262728
131525262737
131525262738
131525262838
131525263637
131525263638
131525263738
131525272838
131525273738
131525353637
131525353638
131525353738
131525363738
131526272838
131526273738
131526363738
131535363738
131617182838
131617272838
131617273738
131626272838
131626273738
131626363738
132324252627
132324252628
132324252636
132324252637
132324252638
132324252728
132324252737
132324252738
132324252838
132324253536
132324253537
132324253538
132324253637
132324253638
132324253738
132324262728
132324262737
132324262738
132324262838
132324263637
132324263638
132324263738
132324272838
132324273738
132324343536
132324343537
132324343538
132324343637
132324343638
132324343738
132324353637
132324353638
132324353738
132324363738
132325262728
132325262737
132325262738
132325262838
132325263637
132325263638
132325263738
132325272838
132325273738
132325353637
132325353638
132325353738
132325363738
132326272838
132326273738
132326363738
132334353637
132334353638
132334353738
132334363738
132335363738
132425262728
132425262737
132425262738
132425262838
132425263637
132425263638
132425263738
132425272838
132425273738
132425353637
132425353638
132425353738
132425363738
132426272838
132426273738
132426363738
132434353637
132434353638
132434353738
132434363738
132435363738
132526272838
132526273738
132526363738
132535363738
133435363738
141516171828
141516171838
141516171848
141516172728
141516172737
141516172738
141516172747
141516172748
141516172838
141516172848
141516173738
141516173747
141516173748
141516173848
141516174748
141516182838
141516182848
141516183848
141516262728
141516262737
141516262738
141516262747
141516262748
141516262838
141516262848
141516263637
141516263638
141516263646
141516263647
141516263648
141516263738
141516263747
141516263748
141516263848
141516264647
141516264648
141516264748
141516272838
141516272848
141516273738
141516273747
141516273748
141516273848
141516274748
141516283848
141516363738
141516363747
141516363748
141516363848
141516364647
141516364648
141516364748
141516373848
141516374748
141516464748
141517182838
141517182848
141517183848
141517272838
141517272848
141517273738
141517273747
141517273748
141517273848
141517274748
141517283848
141517373848
141517374748
141518283848
141525262728
141525262737
141525262738
141525262747
141525262748
141525262838
141525262848
141525263637
141525263638
141525263646
141525263647
141525263648
141525263738
141525263747
141525263748
141525263848
141525264647
141525264648
141525264748
141525272838
141525272848
141525273738
141525273747
141525273748
141525273848
141525274748
141525283848
141525353637
141525353638
141525353646
141525353647
141525353648
141525353738
141525353747
141525353748
141525353848
141525354546
141525354547
141525354548
141525354647
141525354648
141525354748
141525363738
141525363747
141525363748
141525363848
141525364647
141525364648
141525364748
141525373848
141525374748
141525454647
141525454648
141525454748
141525464748
141526272838
141526272848
141526273738
141526273747
141526273748
141526273848
141526274748
141526283848
141526363738
141526363747
141526363748
141526363848
141526364647
141526364648
141526364748
141526373848
141526374748
141526464748
141527283848
141527373848
141527374748
141535363738
141535363747
141535363748
141535363848
141535364647
141535364648
141535364748
141535373848
141535374748
141535454647
141535454648
141535454748
141535464748
141536373848
141536374748
141536464748
141545464748
141617182838
141617182848
141617183848
141617272838
141617272848
141617273738
141617273747
141617273748
141617273848
141617274748
141617283848
141617373848
141617374748
141618283848
141626272838
141626272848
141626273738
141626273747
141626273748
141626273848
141626274748
141626283848
141626363738
141626363747
141626363748
141626363848
141626364647
141626364648
141626364748
141626373848
141626374748
141626464748
141627283848
141627373848
141627374748
141636373848
141636374748
141636464748
141718283848
141727283848
141727373848
141727374748
142425262728
142425262737
142425262738
142425262747
142425262748
142425262838
142425262848
142425263637
142425263638
142425263646
142425263647
142425263648
142425263738
142425263747
142425263748
142425263848
142425264647
142425264648
142425264748
142425272838
142425272848
142425273738
142425273747
142425273748
142425273848
142425274748
142425283848
142425353637
142425353638
142425353646
142425353647
142425353648
142425353738
142425353747
142425353748
142425353848
142425354546
142425354547
142425354548
142425354647
142425354648
142425354748
142425363738
142425363747
142425363748
142425363848
142425364647
142425364648
142425364748
142425373848
142425374748
142425454647
142425454648
142425454748
142425464748
142426272838
142426272848
142426273738
142426273747
142426273748
142426273848
142426274748
142426283848
142426363738
142426363747
142426363748
142426363848
142426364647
142426364648
142426364748
142426373848
142426374748
142426464748
142427283848
142427373848
142427374748
142434353637
142434353638
142434353646
142434353647
142434353648
142434353738
142434353747
142434353748
142434353848
142434354546
142434354547
142434354548
142434354647
142434354648
142434354748
142434363738
142434363747
142434363748
142434363848
142434364647
142434364648
142434364748
142434373848
142434374748
142434454647
142434454648
142434454748
142434464748
142435363738
142435363747
142435363748
142435363848
142435364647
142435364648
142435364748
142435373848
142435374748
142435454647
142435454648
142435454748
142435464748
142436373848
142436374748
142436464748
142445464748
142526272838
142526272848
142526273738
142526273747
142526273748
142526273848
142526274748
142526283848
142526363738
142526363747
142526363748
142526363848
142526364647
142526364648
142526364748
142526373848
142526374748
142526464748
142527283848
142527373848
142527374748
142535363738
142535363747
142535363748
142535363848
142535364647
142535364648
142535364748
142535373848
142535374748
142535454647
142535454648
142535454748
142535464748
142536373848
142536374748
142536464748
142545464748
142627283848
142627373848
142627374748
142636373848
142636374748
142636464748
143435363738
143435363747
143435363748
143435363848
143435364647
143435364648
143435364748
143435373848
143435374748
143435454647
143435454648
143435454748
143435464748
143436373848
143436374748
143436464748
143445464748
143536373848
143536374748
143536464748
143545464748
151617182838
151617182848
151617182858
151617183848
151617183858
151617184858
151617272838
151617272848
151617272858
151617273738
151617273747
151617273748
151617273757
151617273758
151617273848
151617273858
151617274748
151617274757
151617274758
151617274858
151617275758
151617283848
151617283858
151617284858
151617373848
151617373858
151617374748
151617374757
151617374758
151617374858
151617375758
151617384858
151617474858
151617475758
151618283848
151618283858
151618284858
151618384858
151626272838
151626272848
151626272858
151626273738
151626273747
151626273748
151626273757
151626273758
151626273848
151626273858
151626274748
151626274757
151626274758
151626274858
151626275758
151626283848
151626283858
151626284858
151626363738
151626363747
151626363748
151626363757
151626363758
151626363848
151626363858
151626364647
151626364648
151626364656
151626364657
151626364658
151626364748
151626364757
151626364758
151626364858
151626365657
151626365658
151626365758
151626373848
151626373858
151626374748
151626374757
151626374758
151626374858
151626375758
151626384858
151626464748
151626464757
151626464758
151626464858
151626465657
151626465658
151626465758
151626474858
151626475758
151626565758
151627283848
151627283858
151627284858
151627373848
151627373858
151627374748
151627374757
151627374758
151627374858
151627375758
151627384858
151627474858
151627475758
151628384858
151636373848
151636373858
151636374748
151636374757
151636374758
151636374858
151636375758
151636384858
151636464748
151636464757
151636464758
151636464858
151636465657
151636465658
151636465758
151636474858
151636475758
151636565758
151637384858
151637474858
151637475758
151646474858
151646475758
151646565758
151718283848
151718283858
151718284858
151718384858
151727283848
151727283858
151727284858
151727373848
151727373858
151727374748
151727374757
151727374758
151727374858
151727375758
151727384858
151727474858
151727475758
151728384858
151737384858
151737474858
151737475758
151828384858
152526272838
152526272848
152526272858
152526273738
152526273747
152526273748
152526273757
152526273758
152526273848
152526273858
152526274748
152526274757
152526274758
152526274858
152526275758
152526283848
152526283858
152526284858
152526363738
152526363747
152526363748
152526363757
152526363758
152526363848
152526363858
152526364647
152526364648
152526364656
152526364657
152526364658
152526364748
152526364757
152526364758
152526364858
152526365657
152526365658
152526365758
152526373848
152526373858
152526374748
152526374757
152526374758
152526374858
152526375758
152526384858
152526464748
152526464757
152526464758
152526464858
152526465657
152526465658
152526465758
152526474858
152526475758
152526565758
152527283848
152527283858
152527284858
152527373848
152527373858
152527374748
152527374757
152527374758
152527374858
152527375758
152527384858
152527474858
152527475758
152528384858
152535363738
152535363747
152535363748
152535363757
152535363758
152535363848
152535363858
152535364647
152535364648
152535364656
152535364657
152535364658
152535364748
152535364757
152535364758
152535364858
152535365657
152535365658
152535365758
152535373848
152535373858
152535374748
152535374757
152535374758
152535374858
152535375758
152535384858
152535454647
152535454648
152535454656
152535454657
152535454658
152535454748
152535454757
152535454758
152535454858
152535455657
152535455658
152535455758
152535464748
152535464757
152535464758
152535464858
152535465657
152535465658
152535465758
152535474858
152535475758
152535565758
152536373848
152536373858
152536374748
152536374757
152536374758
152536374858
152536375758
152536384858
152536464748
152536464757
152536464758
152536464858
152536465657
152536465658
152536465758
152536474858
152536475758
152536565758
152537384858
152537474858
152537475758
152545464748
152545464757
152545464758
152545464858
152545465657
152545465658
152545465758
152545474858
152545475758
152545565758
152546474858
152546475758
152546565758
152627283848
152627283858
152627284858
152627373848
152627373858
152627374748
152627374757
152627374758
152627374858
152627375758
152627384858
152627474858
152627475758
152628384858
152636373848
152636373858
152636374748
152636374757
152636374758
152636374858
152636375758
152636384858
152636464748
152636464757
152636464758
152636464858
152636465657
152636465658
152636465758
152636474858
152636475758
152636565758
152637384858
152637474858
152637475758
152646474858
152646475758
152646565758
152728384858
152737384858
152737474858
152737475758
153536373848
153536373858
153536374748
153536374757
153536374758
153536374858
153536375758
153536384858
153536464748
153536464757
153536464758
153536464858
153536465657
153536465658
153536465758
153536474858
153536475758
153536565758
153537384858
153537474858
153537475758
153545464748
153545464757
153545464758
153545464858
153545465657
153545465658
153545465758
153545474858
153545475758
153545565758
153546474858
153546475758
153546565758
153637384858
153637474858
153637475758
153646474858
153646475758
153646565758
154546474858
154546475758
154546565758
161718283848
161718283858
161718283868
161718284858
161718284868
161718285868
161718384858
161718384868
161718385868
161718485868
161727283848
161727283858
161727283868
161727284858
161727284868
161727285868
161727373848
161727373858
161727373868
161727374748
161727374757
161727374758
161727374767
161727374768
161727374858
161727374868
161727375758
161727375767
161727375768
161727375868
161727376768
161727384858
161727384868
161727385868
161727474858
161727474868
161727475758
161727475767
161727475768
161727475868
161727476768
161727485868
161727575868
161727576768
161728384858
161728384868
161728385868
161728485868
161737384858
161737384868
161737385868
161737474858
161737474868
161737475758
161737475767
161737475768
161737475868
161737476768
161737485868
161737575868
161737576768
161738485868
161747485868
161747575868
161747576768
161828384858
161828384868
161828385868
161828485868
161838485868
162627283848
162627283858
162627283868
162627284858
162627284868
162627285868
162627373848
162627373858
162627373868
162627374748
162627374757
162627374758
162627374767
162627374768
162627374858
162627374868
162627375758
162627375767
162627375768
162627375868
162627376768
162627384858
162627384868
162627385868
162627474858
162627474868
162627475758
162627475767
162627475768
162627475868
162627476768
162627485868
162627575868
162627576768
162628384858
162628384868
162628385868
162628485868
162636373848
162636373858
162636373868
162636374748
162636374757
162636374758
162636374767
162636374768
162636374858
162636374868
162636375758
162636375767
162636375768
162636375868
162636376768
162636384858
162636384868
162636385868
162636464748
162636464757
162636464758
162636464767
162636464768
162636464858
162636464868
162636465657
162636465658
162636465667
162636465668
162636465758
162636465767
162636465768
162636465868
162636466768
162636474858
162636474868
162636475758
162636475767
162636475768
162636475868
162636476768
162636485868
162636565758
162636565767
162636565768
162636565868
162636566768
162636575868
162636576768
162637384858
162637384868
162637385868
162637474858
162637474868
162637475758
162637475767
162637475768
162637475868
162637476768
162637485868
162637575868
162637576768
162638485868
162646474858
162646474868
162646475758
162646475767
162646475768
162646475868
162646476768
162646485868
162646565758
162646565767
162646565768
162646565868
162646566768
162646575868
162646576768
162647485868
162647575868
162647576768
162656575868
162656576768
162728384858
162728384868
162728385868
162728485868
162737384858
162737384868
162737385868
162737474858
162737474868
162737475758
162737475767
162737475768
162737475868
162737476768
162737485868
162737575868
162737576768
162738485868
162747485868
162747575868
162747576768
162838485868
163637384858
163637384868
163637385868
163637474858
163637474868
163637475758
163637475767
163637475768
163637475868
163637476768
163637485868
163637575868
163637576768
163638485868
163646474858
163646474868
163646475758
163646475767
163646475768
163646475868
163646476768
163646485868
163646565758
163646565767
163646565768
163646565868
163646566768
163646575868
163646576768
163647485868
163647575868
163647576768
163656575868
163656576768
163738485868
163747485868
163747575868
163747576768
164647485868
164647575868
164647576768
164656575868
164656576768
171828384858
171828384868
171828384878
171828385868
171828385878
171828386878
171828485868
171828485878
171828486878
171828586878
171838485868
171838485878
171838486878
171838586878
171848586878
172728384858
172728384868
172728384878
172728385868
172728385878
172728386878
172728485868
172728485878
172728486878
172728586878
172737384858
172737384868
172737384878
172737385868
172737385878
172737386878
172737474858
172737474868
172737474878
172737475758
172737475767
172737475768
172737475778
172737475868
172737475878
172737476768
172737476778
172737476878
172737485868
172737485878
172737486878
172737575868
172737575878
172737576768
172737576778
172737576878
172737586878
172737676878
172738485868
172738485878
172738486878
172738586878
172747485868
172747485878
172747486878
172747575868
172747575878
172747576768
172747576778
172747576878
172747586878
172747676878
172748586878
172757586878
172757676878
172838485868
172838485878
172838486878
172838586878
172848586878
173738485868
173738485878
173738486878
173738586878
173747485868
173747485878
173747486878
173747575868
173747575878
173747576768
173747576778
173747576878
173747586878
173747676878
173748586878
173757586878
173757676878
173848586878
174748586878
174757586878
174757676878
182838485868
182838485878
182838486878
182838586878
182848586878
183848586878
232425262728
232425262737
232425262738
232425262838
232425263637
232425263638
232425263738
232425272838
232425273738
232425353637
232425353638
232425353738
232425363738
232426272838
232426273738
232426363738
232434353637
232434353638
232434353738
232434363738
232435363738
232526272838
232526273738
232526363738
232535363738
233435363738
242526272838
242526272848
242526273738
242526273747
242526273748
242526273848
242526274748
242526283848
242526363738
242526363747
242526363748
242526363848
242526364647
242526364648
242526364748
242526373848
242526374748
242526464748
242527283848
242527373848
242527374748
242535363738
242535363747
242535363748
242535363848
242535364647
242535364648
242535364748
242535373848
242535374748
242535454647
242535454648
242535454748
242535464748
242536373848
242536374748
242536464748
242545464748
242627283848
242627373848
242627374748
242636373848
242636374748
242636464748
243435363738
243435363747
243435363748
243435363848
243435364647
243435364648
243435364748
243435373848
243435374748
243435454647
243435454648
243435454748
243435464748
243436373848
243436374748
243436464748
243445464748
243536373848
243536374748
243536464748
243545464748
252627283848
252627283858
252627284858
252627373848
252627373858
252627374748
252627374757
252627374758
252627374858
252627375758
252627384858
252627474858
252627475758
252628384858
252636373848
252636373858
252636374748
252636374757
252636374758
252636374858
252636375758
252636384858
252636464748
252636464757
252636464758
252636464858
252636465657
252636465658
252636465758
252636474858
252636475758
252636565758
252637384858
252637474858
252637475758
252646474858
252646475758
252646565758
252728384858
252737384858
252737474858
252737475758
253536373848
253536373858
253536374748
253536374757
253536374758
253536374858
253536375758
253536384858
253536464748
253536464757
253536464758
253536464858
253536465657
253536465658
253536465758
253536474858
253536475758
253536565758
253537384858
253537474858
253537475758
253545464748
253545464757
253545464758
253545464858
253545465657
253545465658
253545465758
253545474858
253545475758
253545565758
253546474858
253546475758
253546565758
253637384858
253637474858
253637475758
253646474858
253646475758
253646565758
254546474858
254546475758
254546565758
262728384858
262728384868
262728385868
262728485868
262737384858
262737384868
262737385868
262737474858
262737474868
262737475758
262737475767
262737475768
262737475868
262737476768
262737485868
262737575868
262737576768
262738485868
262747485868
262747575868
262747576768
262838485868
263637384858
263637384868
263637385868
263637474858
263637474868
263637475758
263637475767
263637475768
263637475868
263637476768
263637485868
263637575868
263637576768
263638485868
263646474858
263646474868
263646475758
263646475767
263646475768
263646475868
263646476768
263646485868
263646565758
263646565767
263646565768
263646565868
263646566768
263646575868
263646576768
263647485868
263647575868
263647576768
263656575868
263656576768
263738485868
263747485868
263747575868
263747576768
264647485868
264647575868
264647576768
264656575868
264656576768
272838485868
272838485878
272838486878
272838586878
272848586878
273738485868
273738485878
273738486878
273738586878
273747485868
273747485878
273747486878
273747575868
273747575878
273747576768
273747576778
273747576878
273747586878
273747676878
273748586878
273757586878
273757676878
273848586878
274748586878
274757586878
274757676878
283848586878
343536373848
343536374748
343536464748
343545464748
353637384858
353637474858
353637475758
353646474858
353646475758
353646565758
354546474858
354546475758
354546565758
363738485868
363747485868
363747575868
363747576768
364647485868
364647575868
364647576768
364656575868
364656576768
373848586878
374748586878
374757586878
374757676878
