1213141516171828
1213141516172728
1213141516262728
1213141525262728
1213142425262728
1213232425262728
1314151617182838
1314151617272838
1314151617273738
1314151626272838
1314151626273738
1314151626363738
1314152526272838
1314152526273738
1314152526363738
1314152535363738
1314242526272838
1314242526273738
1314242526363738
1314242535363738
1314243435363738
1323242526272838
1323242526273738
1323242526363738
1323242535363738
1323243435363738
1415161718283848
1415161727283848
1415161727373848
1415161727374748
1415162627283848
1415162627373848
1415162627374748
1415162636373848
1415162636374748
1415162636464748
1415252627283848
1415252627373848
1415252627374748
1415252636373848
1415252636374748
1415252636464748
1415253536373848
1415253536374748
1415253536464748
1415253545464748
1424252627283848
1424252627373848
1424252627374748
1424252636373848
1424252636374748
1424252636464748
1424253536373848
1424253536374748
1424253536464748
1424253545464748
1424343536373848
1424343536374748
1424343536464748
1424343545464748
1516171828384858
1516172728384858
1516172737384858
1516172737474858
1516172737475758
1516262728384858
1516262737384858
1516262737474858
1516262737475758
1516263637384858
1516263637474858
1516263637475758
1516263646474858
1516263646475758
1516263646565758
1525262728384858
1525262737384858
1525262737474858
1525262737475758
1525263637384858
1525263637474858
1525263637475758
1525263646474858
1525263646475758
1525263646565758
1525353637384858
1525353637474858
1525353637475758
1525353646474858
1525353646475758
1525353646565758
1525354546474858
1525354546475758
1525354546565758
1617182838485868
1617272838485868
1617273738485868
1617273747485868
1617273747575868
1617273747576768
1626272838485868
1626273738485868
1626273747485868
1626273747575868
1626273747576768
1626363738485868
1626363747485868
1626363747575868
1626363747576768
1626364647485868
1626364647575868
1626364647576768
1626364656575868
1626364656576768
1718283848586878
1727283848586878
1727373848586878
1727374748586878
1727374757586878
1727374757676878
1: 120
