1		1000000		53776.213869 seg
1000001	2000000		47372.287833 seg
2000001 3000000		44418.318446 seg
3000001 4000000		39139.091494 seg
4000001 5000000		36427.414011 seg
5000001 6000000		32915.223312 seg
6000001 7000000		34378.955934 seg
7000001 8000000		32030.887846 seg
8000001 9000000		37339.963465 seg
9000001 10000000	25373.009972 seg
10000001 11000000	23389.940197 seg
11000001 12000000	27448.558030 seg
12000001 13000000	21512.623140 seg
13000001 14000000	22347.118658 seg
14000001 14309547	9489.065386 seg

